23.50751458
18.02446844
12.14091398
25.62850504
16.34939182
11.25063269
9.94377957
22.10979148
21.61263529
22.62544542
12.54718046
28.75594737
19.39340248
8.35367046
-1.94214881
14.54711745
15.58294405
39.1331612
16.17722637
8.38504022999999
2.72193279
11.88686553
12.07659017
21.34972159
7.34676325
-1.7640408
-8.49350636
13.16373788
11.94998368
14.81380572
20.60784568
22.59985667
20.2152872
20.11269874
8.88670354
15.30977163
22.31231334
24.88765439
24.89430648
14.58256136
35.3995726
8.30177611
16.72005715
5.64859196
20.14289954
28.62630185
-3.7514417
26.89606749
6.77394214
28.38043759
9.98338385
5.9577518
14.78636851
-12.60601513
15.69948696
26.57312147
10.57820084
11.6065505
13.0560812
12.29950602
32.07791373
30.26263762
23.42692654
11.42529143
16.95359282
16.41180498
15.72039383
-7.56794218
11.03921108
15.89262571
17.06512465
11.72830471
12.82072381
-3.56571448
19.09337297
0.757847510000001
18.39963748
21.39138263
21.80209941
5.95523056
12.45160964
32.4540902
17.6238448
9.75434003
21.84008608
16.37619442
4.15238272
13.55912568
20.28052779
15.18424108
-7.94964868
12.17507787
16.3359078
10.70914123
14.87061314
1.16271827
4.03683572
23.49673964
15.65239516
17.49736193
9.99561643
5.76526389
14.83540944
20.5504447
13.31351195
-10.69524175
16.37267849
15.36875521
27.47653971
16.04126822
10.2587242
6.50416991
-10.78767805
18.86423152
22.570612
22.4841714
20.47922375
13.98260309
9.4978606
3.82755923000001
18.8395059
5.20738338
16.07252599
10.92248772
31.57128771
14.00060917
14.04994901
25.90203078
8.99439539999999
19.42378166
13.02304392
16.6797605
1.2577394
4.92962231000001
14.7530933
8.66820213
25.46476581
28.10828867
26.46097437
15.366043
15.32201557
34.43898918
25.0929948
16.92935212
18.12950938
33.70022284
-0.742255129999997
18.87080598
11.60368296
29.42541032
21.11393789
14.01325129
20.16591436
5.71722186
15.25064397
3.76549299
19.54224221
8.42237307
8.88436325
20.96317823
15.92300154
16.38626038
21.5845215
13.95654396
-3.71644841
10.83507907
6.41027629
21.74390391
34.20577235
13.10496309
22.30320986
21.54733975
19.60343557
6.73766766
13.56595599
11.88561589
5.97793538
20.13774962
20.39474439
20.86336248
11.04118968
-10.22075557
-3.32932828
15.89571448
22.38436153
1.01050978000001
21.73968504
3.8162646
17.29395848
19.9093285
15.82577051
27.33512012
36.77508298
10.59799533
17.76335443
16.8708646
31.34622492
1.1029099
22.43662043
13.95659552
17.40248137
-1.72181849
9.22823269
18.32965267
14.2661688
9.22146888
19.46093482
16.42223376
4.58603983
21.69041356
14.79866601
21.00761763
13.14502953
32.09445765
19.90355354
11.32951762
7.35648679
26.55692716
4.09594757
19.19758558
18.04448189
19.89414158
4.09432096
13.82937173
-2.37989371
27.0671787
15.63099326
10.66904577
22.39695276
14.34932237
9.18821511
16.587062
16.91504562
11.5270287
6.70138332
23.05295549
8.9904556
28.98511975
14.08329751
2.81972422
30.78515436
11.84715635
15.4027384
12.33776425
1.54651298
22.57769365
19.09343015
-4.34150262
14.79867609
15.6099308
10.39582668
18.058168
17.6284622
7.78368923
14.30342002
-9.9030644
9.52016762
19.59118862
10.26716613
4.64084961
21.15850178
18.12922046
12.40673848
4.87742791
12.57310715
13.90492164
19.80521812
11.45999844
12.52661481
12.27608875
-0.419654040000001
19.01381389
32.60318578
16.53738501
-2.05226351
19.18293012
-1.44138265
7.42124334
9.24539588
21.36208223
13.98645003
13.1047956
17.76954038
28.43420127
11.52564366
23.12776307
13.09705362
18.12462583
14.29019465
-0.190968350000006
-11.38424683
18.07906588
10.55192158
28.0075623
-0.0917377600000009
36.21981252
16.59941354
12.82399535
7.65464037
10.99603086
15.83178606
20.47249454
13.2160023
17.64357675
13.45819102
20.52525212
18.96491764
-8.87329993
21.18122159
13.84352042
19.44139889
1.08688312999999
16.94743461
15.39669008
17.18938323
15.0765045
6.27869336
20.69937034
36.36068351
17.40647631
-12.11146878
13.71092345
12.23943298
14.95661022
12.25023036
19.68776518
34.10148397
-8.02674242000001
19.18382353
19.859082
8.08522952
11.56822481
17.92117883
22.08761491
23.2751531
21.90866036
12.17368007
30.96090795
14.54382004
9.00777335
10.18389845
20.05255241
9.77510812
5.90811602
8.73238438
13.60249656
10.41934244
17.75882473
-5.0126436
34.36175791
14.85638958
17.97242705
14.67963441
10.38785321
20.59038247
11.70697561
15.9584449
3.43821851000001
18.1717135
10.28451817
19.74228416
14.10894945
14.57944219
32.84855823
5.71489164
-2.6923229
18.5323946
7.29641605
12.06740968
16.32306458
28.94205032
22.67331511
19.78518358
17.97599725
5.25105094
16.6729609
19.83785043
23.55261151
16.41981701
4.62754979
16.71738015
16.85703454
1.99441831999999
13.40180575
15.70015109
8.90200943
10.02334053
16.3237025
22.10204456
14.2212783
2.72091674
7.72215987
22.05528347
13.94004655
1.60267056
25.94160824
33.51352086
13.58189749
27.55908551
2.98165456
28.21729647
-0.249905009999999
8.85937832
31.62201578
21.63259653
16.70921695
7.45971356
13.95983289
32.77008816
20.71479556
10.29414926
9.42444503999999
13.59443561
1.88293548
-4.43432386
4.96125414
12.66619458
18.95234379
7.67257205
20.94230439
12.86926427
21.4328775
18.11256745
2.13180392000001
18.61960202
13.21644976
36.1449408
16.12660121
20.77570365
14.32202039
2.74159215
11.71969842
19.71984765
10.22760232
14.93228313
16.0643977
15.2856796
18.01601695
13.17765853
7.40055697
7.76496542
-0.990743070000001
10.2225599
16.02341202
39.72352937
21.99980523
23.62899284
15.12123104
13.70530828
10.40958051
23.67816369
17.45221789
3.73902312
34.86656698
12.68492369
19.75439809
23.86993158
9.47457375
39.51645311
28.62171829
-7.19943435
-3.28018856
12.36464073
0.760380129999994
13.14330324
25.68659811
14.77744358
18.99805103
21.87644371
15.39833434
12.28324625
15.09645301
15.3782369
19.65884081
15.01708498
13.65222967
15.28594313
26.64316138
14.16178062
10.566408
18.55816311
10.01114425
10.43553778
15.79418967
11.52919702
20.02152991
10.51326547
18.2700853
10.94993086
38.19809058
28.86986647
21.62158851
7.12881881
30.67281381
16.2545239
9.43374824
22.80015022
14.90532831
19.17019368
30.34811729
20.77649584
10.87254399
0.655596610000003
16.48032096
34.82122312
18.53622626
11.56975736
36.43809548
3.01669545
14.7184901
-8.80601413
18.01300048
8.51695018
4.15675628
6.94519401
25.12656176
17.55685727
35.89709214
11.66131357
10.18007875
2.02146249
7.73385101
19.2443651
21.09801776
-13.45868319
11.03832064
24.28854998
14.18363773
11.69072474
4.15721538
29.9041527
11.26788244
16.43694785
10.78584697
31.1396816
16.16660368
11.20842736
21.41500955
14.51326542
6.92526856
11.10721992
11.27026196
8.02249194
15.44366362
24.35167369
11.55043272
8.93825977
15.3407575
31.28698642
33.20121744
12.37473699
10.76189765
18.05887626
8.68640281
29.93350674
15.93679406
14.94619345
-2.40548764
27.31555607
6.32720734999999
10.34522063
16.73828003
12.91889704
11.10276503
22.77900921
8.82231048
31.1461159
11.63217683
33.08208561
27.15689821
9.72030156
10.10820523
-8.85506435
15.56093034
9.6252998
17.17912442
13.55406733
13.64121031
4.05704177
13.11440916
14.85956863
19.40968694
14.12417568
15.91439149
11.37453184
12.19282921
20.77396529
8.69784392
9.84115236
19.54719823
0.732080880000005
28.57985408
11.19696152
17.98038537
11.8423471
-3.50080829
28.43997122
4.68404895
16.21910194
16.3463913
41.24802041
14.22370254
18.55961702
8.77602631
16.88559532
9.79498722
8.67224934
24.36138447
13.4871273
5.8509485
7.8344448
18.4511497
17.77009874
20.7476644
36.8875956
27.29341308
26.74299193
11.00215694
19.72059576
15.20798649
31.56057333
12.39194849
11.53673637
6.90657153999999
6.52752801
23.44510746
4.71916355
12.33950918
22.31728452
27.11650297
12.02271818
37.4006043
14.19594788
12.90657155
17.66689199
14.41846166
24.67443111
13.24894132
16.31061482
-4.01169274
11.84663098
16.68407866
15.593889
-10.12263167
18.38906087
16.77100943
9.91503457
11.17937624
8.4983714
10.93997268
17.20596808
16.69890179
16.58506018
11.18109688
25.52113799
12.06949847
9.87488058
14.86589911
11.27635027
15.20516696
18.7561335
15.55661307
10.50011117
41.43331161
13.00536274
28.76965741
16.12371969
29.57561607
12.60712293
2.70885741999999
23.89239912
12.06078898
15.32408096
16.00228675
7.35257358
25.81904907
10.62739147
23.74522504
14.10033965
7.31567628
43.10486436
11.44298773
31.60337476
5.51561256999999
6.05892842
13.02023265
10.16858656
5.5048931
18.77415053
14.9847647
16.31673048
12.03546994
18.60260466
10.39396901
16.44448837
11.80171112
-1.88873189
0.733701530000001
17.66429686
17.07400421
20.06010498
0.0100107900000026
1.19501510000001
18.77032693
-0.90980884999999
16.31410705
7.78050817
15.42311936
13.501978
9.89826854
0.0415913299999957
20.55860375
14.51869684
10.24912854
13.07111999
28.1058387
24.21455033
14.61692265
-1.85471098
19.36161113
23.29265719
7.06782108
26.88880945
37.54744866
5.90354022
8.4386895
-2.99831199
21.71722795
12.26745318
-15.19176762
3.55651335
19.87001049
19.85957193
-3.41485606
8.09439588
15.35004433
16.61111306
16.84883057
7.46194477
3.8289931
14.39253123
15.42342053
13.51385304
24.65701079
22.99911687
18.20981084
22.40829345
15.52099526
16.03678471
10.56496571
33.17437786
9.88950762
15.23179571
28.61207551
9.15671390000001
9.61067658
19.01200021
19.61347205
15.82139825
3.54456202
34.50516055
16.90403155
12.18373407
30.99253152
20.23274344
7.648308
13.29407092
9.55303771000001
18.37193976
15.74520569
12.00130608
9.237552
24.90289193
11.3742051
22.46636075
15.80120386
22.00148984
19.59420131
19.91082847
-3.69049434
13.2819617
-3.41485606
-0.568689890000002
17.0842731
-2.97535902
23.68538922
28.66891495
0.819310170000001
9.54504642
16.51885375
6.48933119
15.31807365
21.03534587
3.07703013
13.24155803
8.37916698
14.47822722
15.46091783
5.54765155
20.96341679
25.15484186
16.38320419
19.80607028
17.7644004
-9.41206856
12.90304968
14.55340694
-0.537963820000002
25.06481545
9.72706011
7.04539586
40.70530982
20.68326505
14.87967152
3.13843168
14.10895363
17.02308673
18.91848509
14.18991908
10.9926544
15.15345654
7.90844091
15.17682547
6.40607268
11.0614186
11.51095189
12.83144442
18.03557753
0.329293909999997
20.86918714
12.01375428
4.62307099
26.33330142
16.37422923
33.50377399
27.18526281
20.82553891
8.60304479
19.43271331
10.18454877
18.25112973
-4.08311433
28.38780409
12.56602165
10.60703904
0.946221129999998
-0.691565919999995
17.95473332
16.66574517
15.77157538
17.69688259
26.32196721
7.99413153
10.68737579
3.98966158
11.38637406
14.90018844
33.7784367
7.69416225
9.46231887
14.08508771
14.82182605
16.41892386
18.68960503
6.95912365
38.51138662
9.52365494
8.40783266
25.06430614
-12.0242695
12.82228464
25.24003226
10.84844226
21.62597567
-0.136673540000001
8.92084617
22.41723167
13.72388671
10.48805898
2.2948612
26.02261258
-1.32030164
23.79955248
15.53561977
37.20333585
-11.4912564
-1.16725664
19.26519992
16.33775016
18.81718027
22.97755527
32.77797088
12.68703617
9.71244195
11.83518032
5.59303404
28.30583813
-6.12586903
11.97112097
6.20112897000001
6.23542272
10.2970085
11.50946293
26.83429523
10.79187742
22.8776482
10.25161206
9.40188035
34.49691298
21.49890638
-2.08773834
13.64162405
41.2443683
15.5362247
13.85065615
29.98423683
4.64466373
25.16926071
10.62729299
16.482078
20.55652073
31.15006671
21.66809753
10.64160065
-6.32495053
10.697329
20.38795397
12.98668994
9.71721221
10.00331575
-1.15516006
8.01130486
-9.0530177
13.64992108
17.4699517
15.82025036
8.00022035
31.03578591
-5.39426149
9.34775995
8.11005529
3.65696901
-0.662434910000002
7.5704038
8.96238675
7.65631624
13.77747746
16.5017991
11.29327155
12.27458396
15.09844655
8.17190703
19.1811866
12.83872029
10.86016015
15.18145836
-7.42298429
21.75096218
13.61424483
7.70121748
35.24222038
2.3535399
10.36166945
15.77787497
15.70959364
4.03195674
33.23830168
8.79656887
8.89554245
8.94818268
6.83408027
12.56129335
14.45950569
27.01617679
20.13882221
18.70392919
5.27985999
5.63224511
7.93053256
15.72868571
7.60032221
21.92848516
22.18570212
4.40829783
36.55924256
11.19469965
10.46133275
15.10060081
10.11421422
5.72962486
7.47297378
18.44549869
10.80876567
27.79991549
14.28473486
33.76901036
4.0009329
19.30239336
20.36615819
13.23160932
17.48116908
19.24673468
13.93852577
11.2239617
-3.86113328
2.85522348999999
8.835907
27.47268319
3.21795321
18.82074051
11.49273902
12.03805109
16.77898035
15.92052309
12.89859273
28.43276356
6.48525780000001
13.21911662
18.95680026
16.19149201
19.98738678
11.413337
8.28747368
2.21799883000001
12.5790306
26.96638149
12.40337086
25.10667718
22.30946749
16.17223558
11.7632626
16.61120182
25.44443483
7.84754582999999
9.56197687
3.31591802
6.84371283
10.87531209
22.06080973
19.20086309
9.17486126
13.05329851
18.16969216
23.69561506
-2.20266936
19.49104525
29.14147816
17.10160507
8.60397862
20.67409501
10.56435853
14.15466734
12.70789267
19.61959658
25.33432527
5.71879598
5.69620613999999
9.88242942
-0.969911230000001
19.27559422
28.73776139
10.06879498
10.17033116
13.06819717
11.39468263
20.43348939
32.65223937
15.86846245
-0.32754371
18.63166181
15.72280485
16.60759918
9.54621689
19.41724698
8.14005607
7.29314027
40.76739056
11.2543068
25.45802784
8.67389172
8.74327788
1.42034241
13.87351677
32.3134195
7.41415844
13.27022756
15.39791836
42.99779588
17.47315161
25.11550713
15.0055709
9.12767832
7.22315757000001
12.7190885
18.87439
11.39122529
-0.23184071
14.95518985
11.2821506
12.4379322
18.19212482
14.33616054
14.23565344
22.75334204
18.07554706
4.04528652
13.51916015
18.31055018
8.47648938
17.78340839
17.83778207
1.36106281
40.05923571
15.33552088
9.5147425
31.33079353
17.16813
-7.01205428
17.10797306
25.7945353
13.65278899
7.69934167
10.77691166
1.4769096
13.63635215
15.86694022
13.15596775
17.07134167
14.13369639
5.65343085
10.63161171
18.58085752
14.53130514
5.86176811
13.07851671
-0.236123929999998
12.60394321
24.62848914
16.47107988
8.69325222
9.13182996
13.01245895
10.71252308
14.4986194
3.9435505
34.51644845
10.20777475
19.14030571
37.10613029
14.86378687
-2.74670599
18.80474632
16.05495854
6.41882287
7.65365764
19.02103872
16.4552289
31.60509163
16.28962187
9.96082378
10.1472144
24.53488738
16.39220256
3.53650817
28.5724807
-7.68706585
15.34465835
16.12655945
16.93399409
8.64688346
18.5262663
17.71131913
24.47904435
17.60429835
6.623582
14.20205999
11.92510166
39.31511275
9.67006747
20.51918513
20.66298078
4.74226225
24.44434512
21.23801875
17.79929303
17.60418559
12.54862604
17.1536705
2.87924765
18.16227984
18.88996563
15.86911336
10.05824821
-12.74403758
13.19875743
-2.11710093
9.91756926
-3.77356614
13.37610547
7.12285451
6.56322408
17.06707116
11.49563553
17.90935642
7.61891621
0.776819770000003
9.45330985
22.05785303
6.85444255
25.62258573
22.0976571
28.76333225
6.8182028
21.12300085
11.57131947
13.4197175
20.19991429
24.37386138
13.78625267
11.69764214
8.36142066
16.5102901
17.47495499
0.700834620000002
17.95730053
15.57515223
21.06332362
17.1882725
4.94665099
5.18139505
6.49149539
34.0110733
16.84749693
25.79837114
11.21867488
1.99661746
15.6037361
18.00846635
27.22136905
11.5343248
27.51385645
17.08204205
17.78410322
19.38936461
15.24840615
8.02624519
7.96278704
29.9196444
22.2770626
13.36341982
22.51521831
9.70122033
26.73265023
1.0856205
-0.153288809999999
9.28290291
13.43136616
14.47360535
5.59783731
27.39845377
16.52608198
10.73792514
11.85949741
14.8918451
21.06297664
14.96611509
10.53267673
10.02273098
12.1842161
13.91388764
12.27647586
4.94076982
19.14946263
7.74074359
17.34560692
15.51687624
22.32274309
36.15656236
16.15552137
17.51495618
23.48939949
-7.89295103
32.78041542
36.54468846
23.17665614
22.25588043
16.44744207
34.60502709
6.17904502
8.57620652
18.65911804
24.99411121
9.9709818
4.17657516
12.58252712
17.45947958
20.98033904
15.49853764
-6.75840363
14.60338692
17.94675021
17.46731817
16.2397307
-0.953834579999999
9.00465893
4.77774019
15.19429202
20.37558478
26.39412657
26.21288614
19.67325808
10.16456376
13.94083204
7.37121804
11.51495432
9.34314806
5.77388924
8.5182325
22.40391141
0.987893870000001
19.90198458
27.33329
14.67338675
21.99980523
18.86053617
13.26409712
21.47829122
20.49943294
7.09106143
20.57026632
29.74054265
26.82391535
8.73384553
29.06194262
16.57317895
16.78964904
3.7149064
29.69571907
20.34489625
18.89410639
-6.55948316
6.25714487
15.89431467
1.10717192
2.33686417
11.26346702
10.56309491
12.26734825
7.65011495
18.6345971
19.57999944
14.72250962
4.03602539
11.87883915
26.32842099
13.41925034
13.09312431
16.18539204
15.65370242
13.27647854
26.80423856
14.69766012
15.8935641
11.39418951
18.3885396
3.34568428
10.30981774
21.63640259
22.28283655
12.88322198
18.90839037
10.53590897
10.37074202
14.93392235
10.48816529
9.00658659
16.81453424
8.88569114
5.60377429
3.47976614
21.00129823
10.05755464
6.15063991
3.55127652
28.83643053
21.12173419
15.26327419
10.35939537
17.89909362
15.61776918
14.92779498
3.88249726
14.43457808
24.44239127
17.09652169
38.13808414
0.34341465
16.81084351
5.45709148
18.38492236
13.55973208
22.15789074
30.80892985
12.97929004
21.36385539
36.39631398
27.44248726
14.35949802
2.03967626
19.17857399
15.82971563
-7.17219492
15.17327774
15.99728189
7.952562
15.866726
6.76049526
19.34560214
23.35659033
25.11995755
-5.0395051
6.42299817
33.22647019
8.66803927
34.11792756
26.13326071
28.83642502
11.83951177
19.51749032
13.20402076
24.50747955
12.42465046
19.90832724
14.76366608
16.648465
11.86493374
16.69767003
6.34759351
18.94070396
15.96322224
12.8312039
8.52964157
9.42819938
0.379116440000004
31.47912736
28.20144956
11.67485476
-9.90312721000001
1.59988554
12.4508302
10.02369079
10.51997001
16.00020873
6.67915987
16.91154491
1.32778859
6.6415293
17.03986337
12.08589564
6.86642584000001
28.31761225
16.92137304
19.75020417
9.772246
12.55819645
21.79169971
14.49202394
13.06928364
13.85650783
8.5748068
3.39362231
31.62201578
0.219119390000003
8.23829001
25.97987244
11.00667741
39.28890215
7.0724306
15.65650163
13.40664993
20.94279716
17.10427368
10.37137563
7.22039152
18.75126913
16.79239913
3.73240498
23.8901322
9.56101485
11.40568977
13.73039339
21.91371234
28.25595003
12.19047523
21.56982946
14.55256394
17.80398881
16.41858473
14.21632305
7.13421497
16.95802655
-1.0602138
8.33884276
14.59006351
-7.29640514
35.54551922
19.5175625
26.91451345
14.63172815
-1.44367562
9.54368059999999
16.78811142
0.348842380000001
18.77646286
13.59844917
16.06461969
1.31976871
18.33589502
14.84140711
20.70875656
-6.04377589
21.08048367
11.27310406
17.99249024
39.73350988
0.93956687
18.32780503
15.5547143
13.05658247
18.31372285
8.61516048
6.58624381
20.63900906
3.90561592
15.11739567
7.41838398
13.55720352
6.67988979
15.05383241
12.93492233
26.77397761
15.45055322
19.32985569
14.46558586
5.78819849
24.88749814
17.70778123
9.01194587
1.9126063
18.0927025
15.13579076
11.85949741
13.31553027
15.02107934
19.11634738
19.18557762
7.46508790000001
22.01655809
14.99143478
19.28050485
12.95337633
19.71027187
3.78879745
20.65563474
31.63387919
13.21069657
10.258267
18.76604405
15.57428321
18.94414077
14.47822722
10.20654568
5.62653845000001
11.50932413
9.21958307
22.61320948
12.76536718
6.02686076
13.66378548
-2.53285092
19.20408573
22.46461544
7.81529764
1.72524299
22.30665893
7.12322056
15.54526738
12.64500709
11.84791904
16.25226077
2.37683845
12.73070509
0.0787979699999966
12.32257164
16.41689292
12.01136302
21.40281232
23.94600034
16.26936546
8.42288937
9.65127649
18.90720687
20.08819142
20.69504616
3.43372072
23.15776961
19.66841577
-1.12965516
17.40807534
1.01058236
29.14169819
32.23496013
19.72670614
23.52137338
14.38698676
32.01517781
17.96631113
15.2325853
15.27043334
28.30444592
12.60907777
35.07685368
17.2049055
18.28066989
11.4956862
32.54266825
13.02519999
15.16912942
10.49397208
11.70573622
20.98623312
24.46303693
10.43693479
21.05034308
1.08640305999999
18.39982121
17.70781885
7.17732562
8.78034286
7.06430236
10.42836517
6.8443638
19.89278759
17.56635171
14.0464608
21.52589344
-9.72790153
6.45510639
13.70818194
20.2018512
-4.36998217
-7.14356737
5.36575546
39.74030502
7.31008774
8.47673857
17.8884856
4.46670389
16.90965077
12.93140719
13.02578222
12.12627507
18.51718696
21.65802355
16.19588195
14.04564198
21.07416714
32.77320602
10.70232701
13.77346719
8.60931039
18.57886937
19.46391915
14.12183571
17.28143574
16.06897768
15.64592063
12.11751856
12.70633007
18.40399566
9.00973968
40.52339521
9.45831202
41.2990792
11.05697375
-10.26753199
8.10450234
-3.2072102
36.86071595
18.21065336
8.0677985
14.96978963
2.6926141
9.73678723
27.44433213
7.92764795
18.80725968
11.94753842
10.7427218
13.62010399
13.42821759
17.02308673
7.08245135000001
4.31698616
15.60363928
11.58517464
14.19851294
25.03079079
10.03507495
12.62787268
0.398734959999999
9.44252583
30.19840966
2.44656324
19.79085276
4.06705769
4.31707286999999
17.90839954
20.90390598
14.16804314
13.86368841
13.03865254
17.95353302
21.59143016
23.83015284
12.29902173
23.81608373
25.88268986
27.48132412
3.06237621
26.36166963
-9.99233598
12.5643937
15.62260289
20.58844377
8.64414645999999
-7.52119021
19.43049899
18.41116142
29.61040197
9.40611222
10.35964734
15.77851304
12.57675755
11.35848297
17.2114991
22.52216601
13.78805679
3.97012505
15.47966508
-16.25819457
14.12510142
13.82754837
16.04613445
39.82653489
-2.74670599
2.50252429
19.84638829
13.65482356
9.03902611
16.8357101
22.7412666
11.57957564
-15.43849288
29.40789905
22.36978885
12.23370038
21.35616958
14.83820067
17.78476028
13.19325391
12.25444892
16.32846591
20.90158267
9.88888459
22.65330994
5.92908184
28.02564998
7.97101284
-2.8722378
24.78104958
18.58967863
10.71262462
19.84851132
5.55302133
25.19895706
16.11085243
21.18850335
6.65791075
15.9076042
18.48372641
23.80515288
11.84927997
0.372763310000003
26.81253893
12.77950901
6.48242385
13.99303784
11.06034893
11.94196521
29.60910755
18.86644609
0.612203480000002
28.27390501
11.46389822
-10.48055651
22.63392688
22.98699366
26.69453518
5.1055331
6.87269511
23.47634225
4.17580564
11.64842388
8.07944463
20.74372618
23.25356605
21.39698813
35.69491336
13.56258999
21.91049209
6.08360754
2.80703335
10.45161653
14.72675256
5.58921849
19.29018066
4.50806012
21.2218365
27.160948
13.08363579
19.71064357
18.13619085
-0.900299879999999
5.70559736
17.570819
33.13363898
17.05152405
36.82729318
14.93912393
6.68495146
1.6457608
11.35764052
8.76217283
-2.43967343000001
14.09501095
-6.92400860999999
8.26995051999999
19.16038985
15.72339025
19.18708779
31.73372634
6.70189675
12.80672382
1.24059413
8.26464359
14.29598821
-1.6692549
25.43844846
16.65869649
20.78860834
14.19090798
-6.44132355999999
30.5484269
17.47591716
16.35352907
26.93159483
13.93253549
20.70127482
21.8358649
18.20682886
0.450358219999998
4.11966015
12.28976636
13.85924326
25.34714815
16.46979367
16.44616073
12.5620177
16.41073137
6.43174903
29.60774205
15.05923967
16.79787197
14.39888217
-10.14698067
17.96411988
25.28721366
-0.30897845
8.91811196
20.02219568
20.01642057
4.19427148
13.40072882
20.60443548
16.3141349
22.28193175
16.43851591
-2.06734168
10.71986957
24.29335274
-0.606633500000001
21.1542101
25.39318721
7.4486554
37.81653043
14.40167205
14.71887666
14.27150582
17.99939504
16.03082023
15.99709779
20.59940657
25.078787
8.67508885
17.12828117
19.39229004
7.17851413
25.38593366
17.02901518
6.09532792
14.60845674
3.92153647
9.71721221
28.23613324
-4.2841503
15.76878764
31.86013544
20.3355653
17.94026626
8.12645525
27.33118662
35.99976561
9.20600138
11.68108215
13.70082226
20.36712546
19.86792152
13.27778102
30.61959535
12.50631327
0.652417530000001
8.91301017
34.98410232
35.77774382
4.41612027
19.90035879
16.87434736
-1.37920798
6.39378923
13.73005326
15.15201593
13.55270392
9.77126126
22.88005954
13.41109043
-9.50023615
10.87418202
13.22430167
11.32379728
14.46204418
17.80623728
-4.07086832
14.32758433
19.39160603
-3.34478949
12.62662826
5.93141593
18.23315774
-1.0369058
9.91473018
7.20846604
14.97625904
31.41249901
2.46020333
11.13839607
18.38950889
-2.2728556
24.53356829
4.05935766
39.62436317
24.61657251
26.1180816
13.94555916
16.70347742
12.65233851
10.54729131
9.07968973
35.06617125
18.32926197
5.57649559
13.69936875
-9.88749331
8.53168304999999
15.51849738
-3.85769176
35.36110174
3.71924257
17.90724701
3.11252398
