39.62167356
7.6868631
17.25806935
41.85440996
-35.61589705
-6.00095253
-12.39980809
20.31239135
22.62154354
64.35216991
1.95654166
29.34372569
29.45214971
-13.20534052
18.75602229
46.58312081
5.95782748
17.75165077
18.02174394
28.81824061
6.12988523
8.05980762999999
46.7301523
24.33993389
-1.47636999
4.75409218
-7.18878626
5.62382547
27.10618162
35.27635405
18.95385386
7.49761694
9.55323369000001
32.15249864
-14.99138892
-12.49789669
2.61004428
13.10015113
47.5744509
43.7669949
40.25508315
19.21527157
9.51375598
-10.45655019
38.64703074
25.82638515
-13.50934774
16.05668916
-2.15382602
32.38695488
-8.83489171
-8.36427983999999
16.3191142
10.30400453
15.33749695
24.77821437
38.06698509
19.88209769
1.2987356
-1.84687249
34.90012783
26.78998676
17.12810251
3.39404908
21.24836151
-5.03920727
23.70304653
2.15951545
31.65743207
13.53236517
50.57670931
40.97905154
29.46244172
-2.46705422
43.89561735
10.76487629
12.58725783
41.99098342
35.52257222
12.76540391
-12.60760779
-0.316537199999999
19.82013825
19.69081776
12.26685009
18.00896544
21.01378021
13.55912568
18.06556542
-0.397023829999995
-24.13968108
36.1148887
12.30591042
18.64089542
45.90858089
-2.24619027000001
26.63958343
-10.11379174
5.58331619
11.54460071
3.0076052
6.241114
17.45660608
25.01371368
17.43204434
17.48359005
21.96296582
15.36875521
55.83963989
19.22633596
-14.75412456
9.52990895
-7.04744048
38.31220948
6.99906995
17.63288476
18.4410388
6.73775832
18.20230705
19.16470982
20.20649589
-9.84624728
21.16936102
10.92248772
18.57869895
3.32734613
22.30763008
-9.98992201
-8.1772583
11.97376155
-2.86614202
16.63908873
30.47752586
21.46122931
-10.09740459
-4.06488651999999
34.92207294
48.46316398
38.98896096
-8.17698483
13.57472444
37.22425923
30.8736936
15.87093093
-6.11671794
43.06711981
3.35573726
3.83451808
38.9705008
4.85636543
50.76805894
12.20342987
32.88871438
-0.11051037
15.48800505
17.97171109
6.81489716999999
15.53718847
1.82283638
9.88162637000001
16.72163277
16.20277984
-2.62977772
13.95654396
-5.7660329
14.91054983
9.24252567
26.85322131
33.57187652
36.92215148
39.16104929
13.42901995
18.19777453
-13.95703114
45.71359107
-0.685909860000002
-13.75405244
40.73239909
-7.01690629
24.4416315
7.75615677
-5.20092571
11.17988271
65.07573479
24.8534047
0.591929710000002
11.57304975
16.18452255
9.85396393
19.9093285
20.4428371
4.68037639000001
35.67389363
21.35262195
1.74637331
34.36926436
21.91175188
9.81902631
42.65027033
-15.81247021
13.29512606
28.41073536
-6.2695429
18.32965267
18.73907799
35.42082547
14.13645044
-8.41643867
18.6729747
13.96781888
15.01242514
15.49855493
20.9050461
8.03689508000001
14.69197413
21.47312878
-2.8665662
17.69038089
34.52093572
-12.88900186
-4.43335489
6.48723959
24.61934354
7.8682085
7.13552052
57.28023819
5.03586336
15.79087137
59.29866836
11.30099221
21.78751111
20.1715657
24.27559491
-12.42910407
-9.75738348
41.2823882
5.21807184
30.59140851
-15.43567486
-21.10799352
18.7878203
24.96743264
15.4027384
12.33776425
-8.74350446
20.56440711
1.45632991
3.12694177
16.12975086
15.6099308
3.53227529
59.31118231
14.02196474
13.94260482
-0.89459033
5.97722122
45.9163566
10.35231194
22.84671253
37.97264219
24.40026183
18.55941297
-30.63296173
6.60880809
12.97779573
1.30616694
26.6866928
12.00463373
18.35513383
12.27608875
-23.65418711
35.0022744
22.9848194
56.26141619
-2.66055291
-3.86299897999999
-1.57561257
-20.77701238
6.55882140000001
6.33861695
6.32404201
17.82759194
-0.627395219999997
10.54022848
4.6419934
2.25270542
30.49880965
20.1739561
34.64375485
-0.639508759999998
-11.6259796
20.01794091
-11.93302932
4.14826167
18.34149544
36.56586014
-9.11132809999999
16.05098615
24.84352263
24.98150243
5.28269896
47.81074728
9.5406474
50.0661666
0.248698529999999
8.94341801
42.56541888
22.94718781
21.09501685
-5.25894714
-2.16829054
33.06547343
48.42469173
21.2244223
28.67283422
5.32807054
-14.5299774
43.68164343
29.24189866
-10.93965839
7.61200218
28.08284909
-10.3981576
31.23810667
-2.90138967
15.45731477
31.16532234
-2.30329128
17.78678588
12.19174672
12.87791632
2.43108462
16.49443408
18.50664294
23.2751531
16.21533164
25.48608425
12.65614372
14.25038006
36.01577842
-12.22446688
54.46982313
-0.472959979999999
5.90811602
0.66184449
40.41406185
-3.4453808
23.89574387
-3.26166172
58.26033479
28.01138709
-8.47840967
17.97488362
29.73340204
28.3563567
17.05957965
37.61436327
24.84744117
38.3047532
-1.58135512
36.21434896
-12.62602869
27.94076682
13.76053974
-25.01831151
21.21616874
36.94466315
4.06081366
-15.70037308
6.29411835000001
39.61811283
45.94262413
37.46285576
21.83007277
-7.33541817
25.24582039
20.43356514
13.97632207
13.68636803
6.36222729
10.57245223
-5.43443809
-11.58659867
16.08506528
33.33893546
-4.30827761
-12.26603875
30.83425932
49.07346168
-1.5296927
4.74979317
3.82247098
24.78100913
6.1070157
-28.02836798
27.49880342
20.23012971
6.03637755
8.93036098
-23.29841334
51.70008037
10.53149087
-21.78998352
37.68568746
-1.46862133
46.73791398
-6.73642938
21.27949932
35.55535821
3.46049997999999
10.29414926
17.61753558
-29.1311395
-3.07034688
19.17150224
10.01172852
20.50647289
20.20873984
28.19817035
35.25145914
20.93919712
41.78453012
39.28875229
17.0840122
6.06013656
25.82309747
12.68235331
13.31513483
-1.14963114
15.73208775
-19.46025825
-5.05492328
45.44212964
-6.14703352
5.89893512
5.04928841
12.36825106
12.42698833
7.76953965000001
24.76445416
15.45424376
23.18005797
-2.50066208
52.75471145
28.34444509
21.26452894
9.72020394
15.88858999
9.95534739
6.31302788
38.91831356
26.25968434
-10.18527508
18.57013329
-14.33084295
30.59131231
-8.36394038
-2.05579443
13.71664362
54.00834246
3.56816167
-17.34257871
12.36464073
-1.67618259
5.01689786
15.8180064
5.56269629000001
37.16329583
30.51147889
19.66002384
21.13516706
-4.27635795
20.08898594
24.81560366
15.01708498
11.65817616
-3.50974649
23.49331146
-21.29982879
25.74056017
4.48180855
-0.824316209999999
-21.23318265
14.48214098
0.101619050000004
3.31319166
5.1216159
40.22137635
-7.29062952
19.79103189
30.4224166
30.38947109
-28.73388763
31.28518452
3.55741995
0.896998190000005
39.76012101
3.89261341
11.59487296
21.69317977
20.77649584
14.59971753
1.02246133
10.81448521
29.01337481
-12.58490944
11.2515728
26.6671313
-5.86212213
24.56987506
5.94866948
30.68333336
13.61382491
18.54438926
-27.51289912
-24.237612
1.6640876
29.14835932
14.5197599
18.96199852
21.53707761
7.73385101
28.11267739
14.52614713
-6.44268109
11.03832064
48.04925054
19.22039207
29.58017749
-9.25220422
-13.48021324
11.26788244
5.81683334
26.6763661
-2.3233071
23.04167038
-18.1180705
-3.74793655000001
-17.35559663
-22.61620006
15.67782016
24.47772418
17.25235767
7.71266196000001
30.56055444
7.55080055
2.10448317
28.6023932
-1.1906772
9.97922871
12.74204213
18.68432017
40.11549713
-10.74416143
20.97134781
28.51319122
15.69618624
6.75587112
11.00220662
44.72353002
54.26287317
48.90421434
-15.80801292
-0.545583799999996
27.71166275
4.41307013999999
-5.85675841
10.91990392
27.25800175
42.27736553
18.31003755
7.55067811
5.61682411
0.085429259999998
-38.67678595
-3.40745185999999
13.55406733
38.1990536
-33.09649386
5.35614129
8.18814494
17.28821799
-6.54062511
-5.84771406
-29.61926502
-10.36154474
32.27626136
-5.5737128
1.62383774
7.82284808000001
-9.53710247999999
41.24058472
7.63728834
19.2858661
10.85968755
0.953386209999998
16.73417256
34.23453806
22.48618439
-13.95246859
47.58615844
16.53963599
22.49601052
15.24200304
10.17692568
12.67727146
19.153652
47.03444948
2.5561506
14.42525618
3.41694152
-13.38410961
6.37662418
25.96076421
-0.758358610000002
44.27256289
46.72472729
-24.91231447
27.43734412
27.88665478
26.62718343
32.83183316
10.99806059
24.74301849
17.69609219
51.35939795
20.10319818
12.33950918
36.98267895
40.17128084
15.38761856
27.15933522
7.20801926
13.77940287
11.02839758
-4.07375661
26.51637946
20.33664086
41.47454036
4.3615944
25.54193751
-28.48394987
25.66582153
11.74315102
29.16145147
62.33233556
-8.34877973
24.45532259
13.08567943
11.46343411
30.95762009
16.69890179
31.45169169
-12.62099664
8.88223524
-3.18251368
-0.960273319999999
1.83138568
33.52694243
7.28405597
-0.192986500000004
46.95192136
11.01786132
43.79345418
-21.98180609
39.31096927
19.23568509
34.12229809
11.35411393
18.58000757
19.17184136
-14.48544798
36.24180789
5.75332527
11.84642374
43.65279011
-27.47857782
33.16207808
19.93353611
16.53312495
45.68716302
13.7820609
17.64340772
20.4424463
17.83423429
-21.21885117
27.88140105
23.3289378
18.77415053
22.08209084
30.3172845
0.59607621
18.60260466
-1.31246355
48.54945311
24.45552629
36.5484978
-19.87275927
32.22731092
18.09130977
32.09195084
3.38631722
22.30365891
56.08649242
5.47434127
9.02559322
-13.07733875
33.75024355
5.15844316
38.83126755
7.75888083
33.68796466
2.89957986
-0.440537219999996
33.10608628
4.60363391
11.62940236
12.05194477
34.84555952
28.85702381
34.85842294
13.07155178
5.17685458
21.24129925
36.21356908
29.88472388
-23.95243275
10.59564959
-6.47028739
-20.06850928
-12.34031463
7.62635203999999
27.73180009
-23.89706655
-13.42653131
38.06107976
2.19761245
16.84883057
18.21791793
-3.49363101
13.79356022
15.42342053
-5.16611984
55.60731359
26.5628633
3.87670179000001
48.4989876
-12.36309804
-8.95022991
35.68182237
8.75485614999999
-0.353896920000004
51.02184211
1.30184415
38.46203283
-2.87602688
26.922825
25.56360261
27.62348213
-16.90300543
58.9166757
3.46304121
-14.52164906
33.96811743
27.2828146
9.99100126
15.42655954
24.2827217
-17.49440483
8.44818676
-3.0588674
10.61691455
13.27461948
23.75663054
-5.24214229
18.22109689
36.62965182
-12.79414923
33.12616366
0.93947344
13.53528918
-23.89706655
12.23476408
9.97706264
6.21465379
34.54392999
17.24709538
11.61937709
-1.04373261
30.6570524
5.82132935
24.11981717
35.53122966
-21.95826245
-1.37625905
28.7610298
14.47822722
39.54631388
10.43230088
26.71660761
41.23520273
20.41320157
19.22019929
20.46726475
3.25454745
-25.1112121
17.68065628
10.1050226
5.57930077
13.82983511
48.85374016
53.26391809
24.00247325
-2.03784572999999
2.98449253
23.46221847
1.8114729
4.31665978
14.18991908
-21.54103114
11.48167214
3.33261114
16.37949892
23.2879907
-8.01142138
6.9884118
-2.0797518
6.12498394
3.3029499
28.29061485
18.70449897
6.09678554
26.40628076
-8.28846963
-9.25809467
23.96863496
1.74860067
31.90629793
-1.95844815
7.81570614
18.08538695
4.86860374
29.24462957
11.80479017
10.60703904
-7.45145088
9.89588635
16.49017581
37.11356723
2.48155958
30.67342704
26.62507035
-21.07264607
26.74118809
-4.12732012
26.25974442
18.28670318
29.30436884
-4.54980436
-19.01757146
12.19630071
26.4659253
27.95344843
18.68960503
-21.06195317
40.56458484
-25.98314943
8.93766933
3.6900735
-28.36242361
15.15982364
41.4342456
21.04374563
25.82207593
-46.90104821
19.91351303
3.55156423
-24.539819
3.31621625
21.99143379
27.17863531
11.27019878
22.94603047
27.40087815
26.69415
-12.34738759
36.72264387
12.33618815
16.02270957
18.81718027
28.60129476
0.472395070000005
42.74809049
-3.32777385
41.51665098
4.81292905
46.9773324
-3.42250405
11.66742621
49.49473318
-15.36672648
33.25432351
18.33060232
19.11635989
-1.69217161
22.93386774
-2.14834071
22.93127803
44.66112693
28.6254964
-15.78163594
31.21086198
32.20000559
5.61041566
40.16610816
-6.18858915
27.1713257
20.28567533
7.81716594
9.41074263
29.8153012
6.67581445
6.77489645
10.64160065
24.42016628
-10.54641732
7.13236631
-3.03123918
-4.70877763
8.64653854
-21.80891497
11.21346379
-11.92866112
35.77052606
20.87896789
42.15632265
15.87307012
61.48693707
9.04004251
-3.5060112
1.97421225999999
-15.18254155
30.0989625
7.5704038
-22.45108658
1.59565327
-0.853488290000001
14.40090038
4.13610548
-8.65086733
33.49877449
9.81191279
25.98986695
28.13263394
9.20543119
19.55100324
2.29090403999999
29.84386507
13.61424483
1.33495653
-0.593085260000009
15.38208546
34.76757255
35.45138427
22.20755026
-16.63882294
54.93600753
-12.73514838
-13.1186936
13.67042478
-10.85533098
7.70442843
-9.95300443000001
0.169195799999997
28.39758224
60.70175895
-18.74781069
13.23677145
8.71242411999999
14.94095389
-11.72270428
0.63531888
11.95225659
1.02377476
57.04130435
41.9035523
4.09423739
4.82794256
0.56570395
-17.91148489
12.94655638
18.44549869
-25.50221117
39.86836682
12.73759177
37.20004177
-0.0808486700000017
18.62800055
-15.7606946
39.02449804
5.0367736
8.08981542999999
-9.70308636
-2.42507789
-11.96118985
13.26096627
12.51511532
48.58403134
10.60678487
39.22014005
16.83554069
32.56704041
16.77898035
15.92052309
18.15410297
49.21127241
21.07627052
24.07424374
13.08977087
19.81626267
38.86947801
13.80241256
-2.384241
1.07308115
7.17547003
7.93391083
-16.00771673
-6.56153467
10.70032655
41.32110564
-27.25486945
-17.60027693
17.91741197
8.66229608
10.18134593
1.0201083
34.68382828
-18.98897929
41.20974066
26.6222908
1.88400159
20.17871594
28.4394519
24.04422303
3.31824942
22.24512853
14.0791958
4.07107823
-23.15284703
3.85772535
6.18521629
19.72254002
12.47588621
11.77598747
31.73772416
14.98861304
49.01522762
-3.10122457
-16.82970196
-3.61659291
41.56117522
9.72155608
-5.89846834
23.37057553
7.46591316
0.520537130000001
43.19757983
15.86846245
7.30383495
25.31175005
18.75335014
27.90150173
52.16967818
24.80380456
12.52321886
12.05383933
4.74289983
-5.32531619
67.42709398
6.62710953000001
-10.16255262
-24.19862995
13.87351677
53.15189853
-5.74401628
19.18622557
13.19549615
47.23016092
27.84329417
27.46021744
-14.55335967
-8.54400026
22.29470796
1.62816127
8.45650015
36.40362552
9.62923154
19.8240987
13.29338715
26.53463857
17.06636992
14.33616054
1.20351204000001
12.63495258
18.75274603
-11.94576578
-7.30365582
29.56791779
-8.0082853
-5.72960576999999
30.64307633
19.60129978
7.40458689
9.72359675
28.74050538
22.3686346
19.79168801
-0.811115620000002
-7.20673588
48.5736983
13.65278899
27.06585739
-8.91929846
14.78693696
0.746869060000002
34.35754912
33.31700101
-10.88503822
-16.98790348
-5.75284081
-1.20661762
24.73719712
10.92033839
-9.13886498
16.50255352
33.51348604
56.06085982
-8.90265521
36.88522829
8.7466066
-3.66752545000001
21.91439894
10.71252308
12.9329234
-7.07842767
47.89160278
16.60986205
-3.08930097
37.80926797
-15.55499429
8.69354936
8.97107706
18.26098643
7.54472063
18.81910847
25.01499455
4.55643116
34.22162756
10.6927382
-15.9848379
-25.03886427
33.11957664
13.53185782
19.90257897
42.3713013
6.1636073
15.34465835
12.72396748
11.88884044
17.34353938
27.3156922
3.70537049
39.71861231
33.1458674
-12.77923735
27.20801893
-20.84754338
47.58747362
9.77540262999999
-12.67630332
18.51037206
-15.43702921
31.4802095
39.27857624
23.12582184
-5.68470376
10.01696847
17.1536705
16.08028292
-16.99546487
14.78019771
42.22815998
9.93514828
11.92946534
6.44340188
10.67134564
20.45019955
-21.24837871
35.12976781
12.98335367
23.35074928
21.9870559
3.71354031
14.072112
-8.2766163
8.18930169
40.0551843
-0.437215699999996
-14.16439742
15.30206093
-0.00548517000000004
1.30200154
9.23306752
43.41633302
5.40462295
16.45621886
13.89230594
22.29499654
12.12327444
3.3596546
8.14139449
12.96152098
14.91458832
3.73964028
34.94044729
17.62750459
-8.74876203
62.46521315
-15.12473369
-5.22829138
19.4331648
2.07340247
25.63440873
31.67142455
-10.50795849
-10.55617262
25.07122669
37.19056295
18.79476591
39.44495733
20.16230247
14.65543806
19.42517662
-3.51188277
17.09122234
9.96834937
20.04762389
31.17852245
7.94790984
18.60015822
29.30378455
13.38449497
38.34515098
27.00573621
-7.80545327
34.06884687
-3.7796728
30.3739506
38.67366399
31.36778255
23.82219853
11.60384479
28.44010792
14.8918451
31.65661486
21.9381795
-7.38588132
8.7059316
23.88472994
29.71458194
0.604542290000005
-5.96091004
-2.35257761
-0.78008123
9.25486948
35.89183988
-11.91362092
31.65989888
3.962012
41.87031442
28.92416017
-14.22016158
24.63988878
-12.33516233
46.34525214
-0.0931205899999981
13.53212054
33.92969191
-13.72778711
-26.03419703
19.87055031
45.95887475
33.89571898
4.97776007
-14.76304878
11.67865493
3.96880373
10.51772898
18.08146146
14.71883
31.29552403
19.80295027
2.44026701
41.04230388
32.4895342
2.78722693
2.84699501
-5.00740279
10.67426711
29.61926497
47.75125156
16.82366216
13.94083204
4.24396869
-13.40188959
-0.531404800000001
-21.9559672
27.11703575
45.29888888
16.63143094
26.52186143
25.49315565
38.00861886
21.26452894
55.11564775
0.920929059999999
36.42383121
29.53891966
15.02265569
-10.83488858
24.07447655
15.84025126
27.84123676
3.53580506999999
56.88642475
37.27514328
-13.48142624
44.32539297
7.60469853
16.37096822
-17.23242723
-2.72626559
6.7323215
20.72269652
11.83561114
-15.60185028
29.3549246
47.86570189
13.3892815
27.28199837
17.52652367
26.53038514
23.4805573
-5.63554166999999
18.02335698
19.31281823
43.86716443
-16.46665309
5.87506737
5.56793538
10.07845094
44.85605327
20.57247284
19.87200202
1.53126627
7.6423109
10.99245606
13.1372233
1.98322662
-11.33998743
-0.54381841
10.53590897
36.49726539
24.81979602
15.08139276
-11.95631134
32.66130091
13.7902315
1.17616367
1.65197588
0.990114570000003
-5.45367061
-17.02665247
6.54934313
21.14978878
10.77308789
15.26327419
-8.85896791
29.96904573
15.61776918
-22.31426645
1.81103393
-8.77719462
38.03974685
28.83153803
24.04578019
18.95709457
-6.76954552999999
-11.43885488
23.91601968
47.21176771
2.41321811
0.79895381
20.49605878
32.07739046
33.66585808
42.41543375
-7.01734853
30.72294924
41.02966474
37.26077704
8.46553616
31.7795207
25.81037399
8.64606672
14.56154522
41.22291302
13.14859721
45.3357207
55.43758745
8.46712415
-1.58006458
15.94982984
20.72166638
8.76769576
48.10203858
21.62888452
5.33893494
6.6476557
26.61293319
1.27617309
-1.37401889
22.19607106
-1.26282239
3.34475954
36.27478899
1.91685983
17.16693306
18.94706954
6.31356989
40.69411777
4.29237466
41.79286193
36.86710362
14.03231323
5.73710611
-11.32511213
23.90643365
14.52017483
8.20578128
-11.76942294
40.88256673
15.07398394
-17.72186283
16.91154491
6.93247068
1.3572782
17.03986337
-12.50787369
32.16775183
39.68051331
-8.79530809000001
3.80102347
-4.92749002
-11.52266224
26.53887175
19.90614257
12.41792256
39.39628472
-9.17069286
-6.63238046
37.68568746
20.75243749
1.51042905
21.39910359
-12.69778727
42.33060275
10.22035097
23.01086487
35.7591853
51.74989578
28.83116293
-6.99387634
16.20219649
16.58168301
15.29392799
2.6185413
10.29251208
41.26975898
12.47240008
-10.31328541
29.47217166
30.96297909
9.80773102000001
-11.85873996
11.35485216
-6.71567973
42.45587936
24.20018415
27.92722001
31.46726456
-4.74482229
-11.95300123
-11.34519019
-5.52183514
29.97314379
-19.78720294
35.61109391
10.9313927
6.02509423
7.67732163
21.68834979
10.71038155
35.52161015
2.56659653
16.06461969
11.78105456
37.70460577
10.27449442
-4.21655687
-9.54007687
20.76091881
14.06895359
25.39414166
28.20269179
5.34190835
14.56089954
15.5547143
-2.58613185
31.76052976
23.15012535
-39.54125058
25.38763189
5.66157561
0.0271394299999983
1.83943523
26.05497723
11.02201319
21.42517189
21.74085617
8.38667424999999
15.45055322
14.62932361
14.46558586
2.71874857
34.43888532
17.70778123
2.69780986
6.21227489
14.09885915
37.96175446
28.44010792
28.54237589
24.15821954
20.76708198
46.84372793
31.9657109
35.9333167
15.20394291
60.95822197
-5.09698162
5.32934784
12.24267011
-21.81659626
39.68323762
21.14043481
0.466362820000001
-5.14882196
2.69352552
1.32114287
14.47822722
14.26308433
3.34525031
3.60489966
11.93720129
46.37172473
9.14338783
24.21294276
-15.21178397
-27.24215479
26.31949514
13.59239657
3.03709819
-5.32221906
-4.7806386
3.52511445
1.44369348
21.14906581
-15.57396958
-11.94383762
-0.562791440000002
37.86279426
1.57679548
34.78638746
1.98767037
10.24879037
28.60619723
21.95394158
13.09275549
-5.05993914
-1.07766732
-4.34446173
-4.74073599
22.7671136
-29.624919
23.15776961
26.48186552
9.97999807
20.85133919
25.66653064
24.25724663
18.15759391
6.11789178
8.78001844
0.24245861
54.43724255
30.17470896
7.48395113999999
45.50314713
7.98949477
12.60907777
12.91076932
4.83453941
35.68800431
24.5061396
56.79612119
10.14955657
21.84328798
-6.00621119
35.41370076
34.55596057
35.03369891
30.19370509
-10.64143712
-15.82869067
35.73967925
5.84196023
-29.93780335
-10.17049039
-4.82408425
19.60750651
4.96076719
-11.65936895
19.97144486
-10.2382946
20.65488475
-22.22797517
0.701940440000001
31.63683705
30.10539429
-2.03916403
10.2389705
-8.44078846
10.27357202
8.80650742
15.12601324
9.17658382
25.72152349
12.42827099
7.92282627
31.57822859
12.12627507
-12.85659873
2.79207931000001
32.124126
29.1309937
13.3271163
-0.183177749999999
10.70232701
21.86429819
5.78248942
7.60385724
19.89094857
14.12183571
15.56559593
33.30057754
17.93977321
12.64273813
-1.9033686
8.60017606
1.97166476
13.54448048
-17.51472294
32.93585576
-0.44990861
1.23927156
-3.54299384
-12.46382215
22.97034988
15.6423392
31.49774334
19.89090539
-3.57980837
9.55641478
34.23350893
11.38098632
25.17249515
-2.94349395
12.70603901
-15.29768633
21.00490344
1.8114729
0.304221500000004
-1.17951355
15.60363928
43.13059094
6.24512331
6.21173453999999
0.771142870000006
-4.10996595
10.202683
0.35441788
23.41233169
6.36409006
19.13509242
-8.54163585000001
4.76584611999999
43.12930835
6.28582972
24.57556447
5.99712685
36.87475051
32.81857228
27.41629158
2.73654441
-4.67785584
-8.61750599
29.30700581
33.10344948
28.35113284
23.253575
-20.47664123
2.40118249
22.38827878
34.76069963
20.89258223
-13.13481098
28.98831222
-6.80959375
29.43389375
19.67729755
0.20375147
-12.74788855
24.38622843
-22.61520392
20.22410712
30.79020642
14.72157824
-4.370112
21.86497399
-10.46247268
-4.61970449
23.30152434
8.85669896
35.73274441
8.69354936
9.4525917
36.72857672
-16.28751098
-5.09821107
63.57588517
28.73773673
-6.83645444
6.02437653
20.61425087
-19.76885238
-8.18956250999999
23.82043719
10.0306937
65.47907004
30.13294639
7.22980192
33.35423182
21.20430344
3.36563082
13.3696409
27.80573635
2.69560255
3.27948143
-3.76755498
28.55938911
-13.32842035
21.95422167
21.55483234
20.2120534
57.68334189
27.32339461
39.07407941
4.44501968
27.7569812
-12.10127926
13.2690864
-2.55362393
32.02893769
30.45424992
1.49424728
-14.00852992
-16.97275037
-7.70901654
6.14793531
31.10544731
30.65647918
15.81921504
14.6093569
-7.16922810000001
-1.16091457
46.73874892
2.27849658
5.43572088000001
21.65716415
33.38621728
21.7241941
3.66589817
7.93086509
-9.17440898
43.50207471
18.15649081
44.63593466
34.0051393
10.37305692
8.37481678
6.08360754
13.92168813
9.74496867000001
-0.0640563199999988
38.24735076
19.02329938
26.80960038
10.87392861
31.2547725
-4.42735924999999
-8.20211892
43.7009452
23.45818454
22.84946452
5.87096862000001
33.39906513
-1.92810808
15.27578837
6.18777815
-11.75168101
25.72610945
38.52641622
49.56037571
-18.00801774
-8.42512995000001
-8.90556214
-4.00310549
23.19038723
16.32718855
33.33703118
22.96908101
11.29873207
23.84646778
31.63177156
11.90629931
11.49990265
10.81649208
-0.744494009999997
56.86861383
34.31327598
-14.25412152
28.31234601
-3.67333537
41.68998024
4.15819716
23.2392752
18.25927238
-13.49277978
14.96632557
17.57235018
35.95539263
-19.39543826
24.53810176
26.16238251
14.82837764
4.79249932
1.92169755
10.64023398
29.91060134
3.30185338
24.51712366
15.05923967
36.24737807
19.18145982
5.35875424
-18.32123026
20.67748193
-9.53358749
7.31696608
21.50308088
18.51773151
-21.75931642
37.5365503
25.6762431
11.43823106
43.21420608
42.44974942
4.26910205
18.22027504
49.44610391
15.10527684
35.61674711
18.62516217
5.39155087
31.87725383
59.55210532
20.33532332
5.56278982
19.02398976
32.08801674
8.39630677
16.29088482
31.52346998
31.44184555
35.31838326
16.41430274
5.24903182
28.93855643
0.344077480000003
34.20624229
21.92569279
19.66330577
-4.70877763
21.8725352
4.7042167
23.19927871
44.80232778
65.75357284
3.82728724
16.53834903
51.68012347
31.96179003
-5.177367
-9.94646331
11.3410973
36.82004118
22.20012851
11.64191726
63.48172814
-4.4507669
9.07902068
-7.66708436
15.01513941
34.89874077
-27.66217779
23.32029272
16.87434736
12.34132957
4.96426452
13.73005326
-10.85154314
2.66014772
-7.92356151
34.88495655
3.7621975
-24.10791552
35.36439194
-1.27858069
-20.77573046
-12.65355726
7.03533172
2.78783405
34.76006379
4.33959276
9.13137934
18.47224539
4.79272257
15.8875514
5.22226062
24.18013986
-1.53908324
-0.785907539999997
9.55779505
-5.71278626
19.97196005
18.38950889
-25.47911133
26.97202025
-31.01251523
40.63075293
6.54596282999999
9.99095988
13.94555916
13.34603692
15.47505277
34.00460443
21.83265563
20.28002047
17.05601092
13.45103758
-17.48872329
-32.06010476
43.47330791
36.49005203
2.60864230999999
22.31138847
28.44823044
18.1425998
23.26890774
