66.66861787
-26.42894251
39.55063780
-33.70114430
-19.43537961
11.35365979
20.48143617
-5.64950933
-41.13444388
-45.80831826
-34.51669794
-40.06589135
-22.32681051
-47.07494684
16.19016484
-25.83440243
-53.06960839
-42.95537466
14.47927519
-23.82998205
-53.49910998
-5.61517800
19.09089637
20.62890073
28.78653385
-4.42909868
4.23818974
-60.17977252
18.75947397
5.99997738
11.19841041
-43.34675614
23.41095172
-15.77852968
13.53394100
55.22382044
-19.99918717
21.17208006
36.16634947
25.39932249
-1.59044059
35.73683085
-33.15957128
9.91346624
-25.79447527
24.57718374
-50.99663159
13.17482272
16.06625361
15.05348796
-69.20657626
12.54825821
-18.22987231
-23.41521140
59.57399472
-6.64256018
-56.66930694
27.25240966
-7.29283891
-54.23814076
-21.61491828
-33.70114430
-29.26560820
-24.67787049
20.94259787
-18.73270880
-5.61517800
42.74062885
64.52237560
28.16564296
19.73037847
-19.54045559
14.55977032
11.46145994
-22.32681051
-11.46050701
-54.93609650
-25.02003086
6.57844076
41.77024827
-18.18825935
-19.33816052
-25.30992869
17.95377308
-20.84271196
38.39460280
-22.22553326
-5.61517800
-4.42909868
-0.20317220
-7.24549218
-0.82485040
-30.06066549
-6.04647304
76.92288471
4.71682261
8.94467266
12.07231176
20.21372641
-28.88506264
-23.42207265
24.84472385
5.07136714
29.40988679
38.29178688
36.71245042
55.95318339
33.67017501
21.79297095
-11.18938162
19.09089637
-8.45107982
51.70018237
-24.84941357
-11.84966387
-3.13591069
-67.95945600
18.92846664
-46.37139890
-71.84206215
-10.18214778
-45.70049733
25.87968966
-4.68136453
0.46719545
-31.57716591
-38.99595988
5.33046560
-45.10598402
21.17208006
-60.05026724
19.33140883
-37.29524601
34.51934246
5.81198677
-1.83145822
-57.90890681
-34.30371959
-32.14024655
-34.51669794
-27.66036263
-18.10434620
3.00976376
-46.37139890
-4.60417169
78.76144815
44.69207512
2.44874056
-26.62693607
40.11084200
-2.26183693
-45.82602344
-43.98561104
-5.23091940
-47.80550899
17.00313296
5.68720319
-22.36105566
-14.68336552
-19.03742680
-23.04127010
23.82612604
-3.50697556
-41.45600186
3.40672747
-8.85173072
54.30837249
9.00587561
-29.23951501
-57.29587145
40.87414260
26.89901438
5.80380442
17.36712734
-26.41403915
13.83599956
7.18674609
-53.80557561
34.93680359
-12.47091356
-47.75406548
14.30138408
30.99282796
-60.77963019
1.95110976
23.41525564
-26.16600838
-18.82042069
-19.20154233
63.23598114
-48.74253546
-54.59469122
41.29692133
-7.90666903
-59.43530832
-49.79501130
6.50835366
33.68108666
27.45921859
-4.03223684
-46.66136067
-19.40572543
-22.28494935
25.31660902
24.66237590
-11.15972745
6.50835366
-0.88217294
22.90687935
4.03347518
5.37224057
27.37235321
15.54851378
42.37441056
-4.31514624
-21.92591141
17.51799637
33.54446847
-16.17689957
-70.13401420
-3.12464620
-3.90681570
13.17482272
-10.09506192
2.48835791
7.26372952
11.55744835
30.51694928
-33.05947576
-25.76503943
-18.19113578
58.39388204
21.39980573
-41.02343671
-11.59102249
-31.57716591
-26.16600838
13.27989870
16.84095736
-1.67128856
-6.89564049
-8.29525435
22.75502123
24.48640829
-16.45606017
-46.54847784
57.14282854
29.67724336
-22.28528593
-0.38975662
32.49251986
3.86665663
15.26142843
-7.37313123
-14.96843550
-15.61381439
-16.55137667
-1.20558764
-31.66621187
47.23855309
19.50561134
6.25913805
-23.13605080
-0.64537889
23.82612604
-15.33144079
-47.80838542
-0.78812651
41.54895733
-7.02862577
23.32354386
-26.29551366
26.59141995
-1.65638520
17.17045246
-11.84966387
-13.82237550
-5.83594219
41.60350555
-15.77565325
31.10376982
9.94235558
19.37698319
-59.75217816
-27.74553731
43.13749069
-12.40397128
-30.73206183
-21.46094438
-32.70045529
44.81598634
67.78414898
-20.73983209
31.79255700
-4.60417169
-34.22874209
16.26584980
-2.20627664
-44.34895290
-43.34675614
-32.86960950
-47.80838542
18.94797496
2.56446422
29.45516018
-23.05619093
-4.42909868
11.93057888
-48.07976119
-54.71321671
-18.86133695
-22.71007058
-17.05080092
-12.76891056
-19.26030659
-18.30014364
80.85081419
-75.37412439
5.78437645
-47.92798925
-12.07254367
38.05126500
-19.03742680
-12.30967446
50.94360277
16.48271621
-18.19113578
-45.30135758
1.03027608
-16.28503031
-22.56732296
-34.13064588
16.02439246
40.11084200
-4.85810691
-15.79577793
34.21156089
23.96724063
-28.20439687
-4.42909868
-22.86531996
1.82718106
65.07166815
39.58237371
-17.82619650
-44.26887925
10.32433664
-30.23210177
-63.51731564
42.07542632
-48.11310342
-42.84249183
12.77686990
-19.15129873
25.54808824
-22.28494935
-11.48472460
-2.22490783
-8.63043978
26.81383970
51.77513757
-0.34735967
-61.51019234
5.19995011
16.93905358
-31.87500090
41.13016673
-8.77677553
-18.80317244
-16.13756762
17.95377308
5.94250226
80.49177625
33.18335088
2.80497667
6.14341439
-39.21108140
62.51345421
5.69811485
42.74062885
-10.09506192
42.74062885
33.77918287
-23.48055626
8.63481074
-46.37139890
1.80814347
-26.47428330
5.66046522
-51.21349800
-19.51894798
26.72193544
16.24572513
-26.05500121
-33.74579293
-58.87827681
-49.42912958
-22.28782578
-24.05850451
21.84401836
-18.80029601
-11.33480046
-34.90276459
14.38328678
-3.67002165
6.14629082
-28.88506264
10.89273210
-26.77804504
-1.87752594
-2.62668995
-54.91007906
-13.31980364
-40.31988877
55.10529495
19.79444432
-35.97131712
-19.13332104
-44.13587175
7.23961761
-56.59870794
-11.95966084
41.64504761
-10.29403207
17.34173641
-47.90560451
-35.89518859
-18.72983236
-11.84966387
-70.17748076
3.00976376
-18.90691131
-4.31241711
-13.49575378
2.71077766
-4.55051248
16.64409502
1.58076728
-26.74199307
8.61597435
1.99594159
-0.81286041
46.13902043
-54.03617771
20.29890110
75.25816362
-50.53229445
47.97871267
-25.15940057
-34.40381511
6.14341439
-12.92171112
61.65357578
16.30676607
64.74338917
-1.01100631
-35.84522236
46.71095529
18.48704727
2.27812327
11.84540420
-4.55338891
33.22308201
12.77686990
35.04493433
36.31087351
64.67821854
-70.00349872
3.92826605
-11.46050701
13.78685938
18.99752186
-34.12873865
-38.66790206
-58.87540038
-48.08795245
19.09089637
25.97758983
-9.07111580
19.90545149
-33.70114430
17.15465451
33.28124652
4.85022641
23.19302837
39.33993699
-51.51149500
32.55114371
6.89136334
23.05191378
-17.70800828
-58.10615810
9.59497369
-51.21349800
29.06980205
49.35594653
-55.42422008
-5.99221407
-8.01269650
-39.36970870
-32.23834276
-25.13855635
78.90937089
-60.95067753
-54.91007906
21.74401492
23.54642365
5.58910698
-40.77989935
-3.46893573
-38.10308012
-18.57432600
16.28075316
24.17350793
23.55206631
13.22014604
1.67565951
38.00544593
30.25588138
6.71174454
20.73950601
2.81055891
19.60736241
5.94250226
-15.83669419
-63.35528430
2.91785950
-5.05496926
-53.49910998
54.62907969
33.68780766
17.24091611
32.95052451
7.05845451
-19.16221038
19.09089637
19.19990424
-36.55796286
12.49078309
2.56446422
-10.39964022
-1.20558764
-28.01109144
-47.37582027
-46.37139890
1.90418197
3.40672747
-29.70162754
21.21554663
45.26584146
-15.26930893
2.11460909
24.17063150
-27.30212147
24.33455016
-26.80319602
0.51017368
15.25855200
-7.24549218
-45.05799486
-55.81766969
-26.07270639
-22.97099877
13.31552649
-24.97992906
49.20973091
-6.78902519
62.49869799
24.91292431
-8.00256327
34.38463460
8.93264573
-69.93504405
-28.98508831
8.82076144
-19.55770384
15.17201345
-40.64519150
25.23269587
-16.53306108
-12.37341710
-42.29260039
-11.58283124
18.71937216
9.91634267
-11.84966387
39.91397965
-12.29496342
-46.65848424
5.66046522
-4.51226743
-19.16221038
27.19527426
-31.89021648
-8.78603639
16.63979110
18.14176368
-1.83145822
-3.14155336
-6.14364630
-21.57194005
-0.44429297
-63.07491000
-13.35025037
4.82259079
31.54164979
8.92976930
-35.92734019
2.25156386
-26.18551669
-3.76792183
20.76839535
-39.44390778
31.04629470
27.96818520
16.78071321
-59.75217816
18.75947397
-29.86380314
-22.56732296
-14.05916955
-46.17453655
12.87404316
7.82664006
18.81366899
-82.14528502
34.76287982
-9.18333667
-43.34675614
-59.75217816
-87.68983447
-17.82332007
-59.23443832
-21.80907067
43.55495182
73.24924223
9.91346624
30.37440687
42.91167619
-16.53306108
-30.43406482
26.52507309
23.54642365
-25.40961778
26.89613795
-5.44102131
-39.21108140
53.66299360
-45.09664302
-46.40623171
40.50074326
-16.23343923
42.74062885
3.31622939
33.18335088
37.01984348
50.92597011
9.51797279
-31.57716591
34.58867730
30.50987880
-10.66070812
-31.62014415
-16.52481726
4.85022641
-35.93021662
-34.51138312
10.13735624
9.84940040
47.01567329
35.12191776
-82.82009975
24.70769923
16.78071321
-33.75670459
-47.14430984
21.20990396
-11.13734270
7.64310628
49.25306666
-0.50203970
52.05463474
-33.05949324
47.91896001
38.14656052
23.19302837
-47.29064558
72.98407233
-27.04097917
-29.45358527
22.37841106
27.40597506
23.95664152
54.14513200
-19.03742680
-30.76421343
22.16625972
-27.04097917
-1.77752250
18.41378366
-26.82411276
21.88184226
-8.82502111
-47.98258794
-20.39742989
5.29712337
-2.64008214
-33.03996745
34.18883716
-19.64946346
26.58323760
9.33562484
37.55469620
-8.29525435
61.95444921
55.36923928
-16.17689957
-31.56831169
5.37621006
18.80294053
-23.13317437
31.78858751
-43.90696488
-17.61913696
-0.50842413
-88.47895008
-15.59618174
-15.87009737
-33.15957128
25.87968966
-55.90286186
-34.40381511
-47.06935464
-46.37139890
40.87414260
26.37852303
42.48729339
-9.59222544
1.20414203
6.94823957
34.12259528
-37.25338485
36.76120209
-8.44677590
42.21785960
-11.28114125
31.83541031
27.77219335
-36.47917260
29.92365714
-1.21649929
45.25093811
55.05633892
12.90165349
26.07655654
54.45340692
-49.57312060
-4.77161628
-18.72983236
4.59829712
-19.51894798
-61.73880404
-3.77099430
-46.17453655
-46.54847784
89.96795773
-40.03973977
-10.18214778
-16.69777637
19.72131009
-25.02888508
34.58867730
35.19370008
-55.44485720
-55.32525337
19.09089637
-15.97743588
-7.24549218
36.14051557
18.80294053
-39.64077013
12.61469431
-41.63547337
-16.06261056
-33.09183677
15.49792347
6.50835366
-4.31241711
33.68108666
-46.27243219
-32.55411955
-10.37013838
-47.81510642
-42.95537466
-74.28141959
-17.90117400
-20.25491519
-33.15957128
19.37698319
-47.98258794
-37.03130168
42.28511168
12.90165349
14.41426691
-35.89518859
33.54446847
-82.71721988
-47.98258794
-43.33856488
29.92365714
-18.58891025
9.00023295
-24.97992906
23.23702795
21.79297095
-15.19032620
-37.82459143
17.35264807
-25.59196572
-8.11269994
-15.61381439
2.82381307
-25.39510337
29.74858413
-25.76503943
19.90545149
3.83450503
28.44413165
25.97758983
-77.19505517
32.58329531
9.07518814
42.91167619
30.62883357
0.97110137
-22.32681051
25.31948545
3.88528782
-0.21408385
25.14441243
-45.70049733
-9.57678628
12.23678567
-34.25797513
11.63774067
65.42437404
-21.00288162
82.98929819
8.75872196
-20.06980102
-47.80838542
29.00620208
-16.74595800
-30.60154634
35.33481467
-68.86738562
-16.17402314
-5.28517837
19.30251949
6.50835366
-12.23471926
-54.55104112
28.18108212
-6.56758268
-18.53074574
-74.28141959
-37.14437699
11.16058651
-4.55723348
3.21773834
28.62450251
0.30702578
-24.97992906
33.89826742
25.96367371
-5.47243038
0.46719545
8.82076144
26.19346714
-22.95897185
28.73235630
56.24241825
-5.27556803
-16.85784229
14.74232473
-31.10600312
9.66992889
19.79444432
18.71649573
36.93467769
34.24129541
8.61597435
46.44412265
-26.05787764
-33.15669485
-22.74327310
61.78409126
-46.77135764
-26.42894251
15.75666522
-7.84132417
34.69680804
3.83450503
5.41403396
12.54261555
-29.20717148
-35.92026971
51.68069345
18.07237838
-75.54804816
-25.02003086
-5.11903510
-1.83145822
-57.18652701
5.21086177
-11.02921196
56.68482388
-16.52353825
-37.08462433
-0.23547537
26.93103882
-26.16069356
55.89858470
34.87388699
43.63544695
-0.13051549
34.58980610
20.16838561
-1.57952893
6.14341439
-4.63018460
9.91346624
-16.53593751
22.55702767
33.68108666
-20.24400353
-20.81593839
-3.09808679
38.79456154
8.81914654
75.88472813
43.54935776
-1.31659481
15.57942949
8.61597435
-32.98249233
33.67017501
-30.41563555
-33.25386810
17.61137088
-11.24421214
-18.62082450
19.69344937
47.23855309
3.29384464
-41.59537157
-1.40244999
-17.96092666
18.80294053
1.69217985
-33.53325614
-72.15496251
2.88113561
12.40391771
21.68305647
-38.55397186
-22.22168595
9.91346624
-27.02607581
-41.52117249
-25.69165935
-12.23471926
11.92770245
-7.32532922
-53.45015395
69.28749127
11.49928384
-30.08668293
8.33393731
-13.94608236
-32.14024655
23.43288830
55.87619996
-12.95125850
-9.98478025
-21.27394305
19.33140883
44.27173756
-25.66894915
12.77686990
28.14325822
-31.95316918
12.89074183
33.91068746
31.39372706
1.44414908
-2.62668995
-12.48914597
-15.61381439
-18.62082450
17.30120477
-58.09107463
-37.76779456
-43.61487178
-15.91410333
-36.23858816
48.68897292
30.47414312
-20.19042281
13.07861366
1.58979807
18.77019671
8.13953036
30.52196377
-53.85670646
17.21019087
10.15849771
28.11159232
-4.20266131
20.28685027
-26.78648537
-4.35688997
0.92511159
16.27428258
-4.58746541
-25.12133108
23.52672737
16.96098426
14.34337431
15.03619880
-23.26579719
9.39477163
13.49021910
-26.78648537
22.85161803
23.52672737
-19.27878093
16.97196916
33.73562041
-52.33989387
-20.60778006
-44.20773213
14.34337431
22.97620123
-18.51314212
-14.93746807
-56.23218813
10.31132347
15.30105981
22.38940214
-47.60126692
37.69790117
-20.47234864
6.80277637
-30.65753709
14.82656172
-4.34542395
33.09355687
44.19053195
64.89676831
-21.01469863
39.11571705
77.58948987
-10.87156819
12.05927153
1.37839014
41.23269676
-63.26532525
5.87964887
70.87248230
38.73616530
-9.44037511
-40.09805920
20.87309245
-0.40445390
-21.98390729
-5.75248294
-40.80153417
53.09732432
-14.61308736
-45.15309661
3.47163783
0.98769869
24.25996245
-14.03799141
3.29728864
-19.84056445
-31.22741991
-24.83556559
35.43767309
-6.69750822
27.86278628
31.68639372
-1.07278720
-32.45102157
-19.12823945
-28.24413537
-0.40445390
-6.26022809
-18.24740844
-33.78311395
-3.72615515
34.84925980
-2.86666980
35.60021139
19.99025554
-9.10850447
31.39160979
17.22296535
-38.36851382
45.35750912
-22.05638786
-4.80257808
-11.70901568
-46.37669828
-47.06176226
-40.64858534
1.58979807
-11.56572638
-50.38078358
39.21935271
-10.59738436
-46.92722442
-8.13656153
10.57973093
30.57241365
1.05554737
48.27538339
-14.22323356
-32.45102157
5.19997365
-0.13282854
18.28276497
-9.72904427
-17.42323564
20.00702883
29.59276464
-13.39305669
-2.45892983
-86.46535102
-15.12678555
33.17197911
19.50706812
-25.23801745
-33.83316610
-35.45520544
-15.91410333
13.62198136
-28.52395681
6.76485759
-46.44078999
-35.49176812
-64.85698643
38.92292625
-40.55185805
30.68855808
6.36117356
-28.34508589
70.27413551
-13.39913206
23.57454802
13.19094730
31.08168713
6.29746474
-27.71060732
-19.01121153
-17.14476976
-52.92179250
-20.19042281
23.98545113
46.62473444
17.21019087
-29.11966836
-60.15531311
0.43587279
-22.05769146
-68.46493619
-32.02100295
34.34970669
-9.85154519
-19.45194527
-19.65784744
-1.73008406
49.29331325
-0.86794962
8.37541518
6.80277637
11.81592871
37.61654999
-3.78522004
-36.89107443
7.81244074
-1.19692585
-24.39279099
-20.59876163
55.27945196
7.43005070
16.09621080
13.63130417
15.51547478
-39.27344774
39.21935271
26.33146982
1.14757183
0.52654465
-21.90712644
-5.96498289
9.08687915
-33.88495650
-11.69825615
-6.26022809
-33.21666038
-30.10701095
-34.96893908
-32.02100295
21.55302023
41.24037704
-8.76493101
27.70685293
-40.57448134
38.73616530
83.92398328
0.12716593
-1.97772112
0.80631679
67.50276002
26.97551496
22.54390323
39.11571705
36.16121958
-7.30600118
-19.55682794
27.69007964
-60.85836482
11.65543266
14.09804740
5.05381931
-50.38078358
-36.77753361
-4.65155713
-52.06913987
-4.58746541
-14.82272443
-26.35199751
17.77349149
29.01999601
74.64574929
19.81675845
0.92312750
4.68389288
16.83990577
-6.53596422
-13.13564797
23.51770895
-2.39369438
9.12309862
11.26122833
30.97432358
-46.06833792
-28.96149232
8.86773657
-0.97740514
-12.93797802
-30.18915579
4.58128726
-16.01798198
-1.29601507
-67.42837351
-18.79991647
-9.02751828
11.70448910
-10.36427247
4.35708826
-39.67477963
16.51363819
3.02310481
-8.37503200
4.43167460
-48.55168173
-5.12932923
-19.72552063
41.07340635
1.15165713
39.88602328
-27.17636850
38.62112147
-31.51370724
21.92863982
27.39080784
22.12183275
31.16084480
29.79869457
0.79724935
39.17419866
9.28988013
10.29580202
-41.09796063
-16.02014635
24.64576028
-26.17764833
30.19995929
16.57115984
36.45206252
8.46372544
14.81474657
-13.48850416
-5.89511480
-74.47558260
36.50972534
44.51834278
-27.34051441
51.12361717
25.33314273
-9.14604123
8.47868766
-34.95108085
-30.67689377
14.18183031
-25.12133108
-3.61435323
28.10750702
-14.61308736
-2.49552366
-29.52212022
4.05344616
-57.26462186
27.32905742
22.52481787
37.31473477
-6.83462892
-33.88679310
-38.21315635
-28.52395681
23.24930149
76.59076970
-47.60126692
-55.83450468
12.84272884
-13.13156266
43.84628485
9.14879506
7.18384913
1.40515078
42.50217566
18.38031358
9.37671851
40.71641073
-9.88820643
10.49871822
0.91064757
-35.45520544
82.04036943
13.76897348
-26.35199751
-7.50329401
18.38031358
40.08027448
-16.98018312
2.49576631
-16.22364495
6.06457883
10.87161216
-68.33290931
-4.20266131
11.14270537
-12.93797802
14.10029611
1.15165713
45.78402972
-34.13454377
24.09235056
5.28132483
-23.58440713
8.94691285
9.72084443
-48.95499373
27.01649311
15.00274749
-60.66419084
-25.71006244
20.54078168
19.79957755
40.50397732
38.01702106
-20.19042281
38.92292625
-3.31781633
22.81465723
-4.96508146
24.92477354
57.93450428
1.74232364
37.67984805
-17.90664046
-66.31473412
-10.61307851
-35.46789343
-11.46670290
0.82485697
38.73616530
2.61058696
-44.61477322
-0.36331887
-32.85088024
3.02310481
-80.81572682
28.10750702
36.89730739
-9.60191911
-34.14765893
-23.20190591
40.56346190
27.98319524
22.97620123
14.02851852
25.94993113
41.15061322
-51.94798679
-34.01024343
-8.94838570
19.01392047
27.78479216
19.89153226
-14.64110076
-22.51722742
-57.60454164
65.59982002
-25.63814367
-4.65005251
-14.02142618
-19.73043036
-8.67717023
33.68675642
16.97544829
-19.92392371
1.88116538
28.71722132
24.99724955
-27.61786727
-25.03797183
-40.64858534
-0.84706305
10.63807462
-21.70904753
60.19600337
-11.35347578
-13.23440447
-11.45068255
1.30137395
39.21935271
-13.48398614
10.31132347
-10.06004970
-33.29165839
-48.59998709
37.23551983
5.38157946
22.95942794
-30.17110267
-14.08146752
0.14159502
38.73616530
26.86778515
4.43167460
-19.69237046
26.80369344
-24.94331713
44.80815864
2.15349372
20.54078168
-7.79231442
-25.03797183
25.62732047
27.73072762
30.75048543
31.23822341
16.01775899
-54.50334236
27.43266910
-6.83462892
-20.73149743
-19.92740283
-5.01428540
-23.06775357
78.24129539
-26.76235688
51.20578550
0.52654465
-19.36815303
31.52484972
13.07861366
0.55999595
42.04538647
10.09245821
23.31996886
0.89960519
-23.20847593
-6.99046371
5.32337470
87.68999364
-6.39300811
41.50345549
-3.31781633
50.97109160
9.12309862
52.74401034
12.82839831
41.30655540
1.42739326
-22.29836216
-30.17110267
15.76356235
35.86651927
16.48447326
-28.52900151
19.20700154
3.63318182
-16.02014635
-58.54044992
-20.59876163
54.51717546
46.78219313
65.50812515
-89.75652790
13.83758321
8.18921412
-12.94672298
27.77942703
0.35035887
24.78752632
5.32912273
25.73184286
27.98667437
-0.30369535
-33.54575807
-0.68097868
55.87751771
-64.04880653
56.05203234
13.76897348
-1.78485734
-36.44444591
-3.31781633
9.15889647
-1.94243322
37.66908853
-27.33210178
25.08058483
1.58979807
-16.81156503
27.28135232
-44.99155262
51.95490051
-14.41537661
68.65494151
32.85651643
24.44672341
52.66184200
29.37008200
-3.22885560
38.02818046
19.96519871
15.79940368
-2.30604189
28.02597281
20.64439336
-25.34777104
-8.76901632
48.85628769
6.06457883
-8.05823058
1.07707079
10.86184961
-3.51067409
63.11328703
35.79091611
-19.06366826
-61.82539653
-78.81164151
-44.71147581
51.12361717
2.82500192
-10.60375570
-6.67308492
52.12351861
-6.66376211
55.72798497
34.62841375
-2.66444838
-37.44160058
-14.46554634
-33.84993940
35.86651927
12.25905253
31.18308743
-61.26123995
-31.38252733
-41.89596723
-11.26512088
-49.22835658
-9.92101170
8.38382743
-19.39552946
-31.51779254
80.36385417
17.53508153
23.98545113
22.53614837
18.29410690
34.30436638
-18.51668254
24.44672341
-16.73468116
11.29631198
60.72007259
-7.33599152
-7.79231442
21.08534305
16.91540694
-20.47444985
9.12309862
34.34970669
-8.88984897
-33.88679310
34.36046621
84.80765962
-13.42065548
14.33274130
0.35035887
68.59246483
39.21935271
66.54055888
-5.79636479
58.87602267
23.47981152
5.62909652
-31.22741991
29.63507534
26.86778515
11.66793021
-44.21718833
-35.46789343
-40.55185805
26.08188815
-8.29658019
-25.01644841
-30.38335326
30.95576638
15.00274749
-11.87579466
64.56685173
-21.62627068
15.00274749
20.61724986
12.58156752
-8.59155072
30.02188751
-65.12065871
-16.75121706
-30.67689377
32.51615424
1.15165713
-45.03338274
62.65289025
24.25996245
31.07667941
-69.74893661
-15.59879006
-25.77147387
-4.56870133
-29.28474117
22.97620123
32.85651643
-0.84706305
15.55010822
13.04083173
-54.90612324
-23.30288451
7.37081993
24.69593001
21.82712684
20.07664756
-1.23065662
-11.79245938
-1.57813376
-16.93513268
34.20447730
3.71886034
-38.33146409
72.62940410
37.01235122
-4.80257808
21.55302023
5.28333290
8.08319474
-35.98395057
-30.72747918
-32.45102157
34.36046621
32.18444871
53.52783083
13.25046880
0.82485697
36.45206252
-4.72799174
27.76325991
-5.32740779
26.12604719
7.58750939
-30.73022595
-1.86797312
-0.30369535
36.46182507
24.25996245
-23.50646790
40.91051448
-19.33153631
72.93711890
29.37008200
-16.72319806
7.29360272
-33.49751614
-16.18133425
-1.96070155
33.45584827
-35.45520544
-50.16426486
-19.92392371
27.40229094
19.35454256
-4.33334966
18.57418371
42.97663882
16.39859436
-26.55529437
1.58979807
2.30877174
43.17050895
61.34325007
-20.19810754
47.81525682
22.41131728
-29.76741864
25.24645615
43.28026255
49.72593372
56.09195919
-30.10701095
-12.33306988
45.61371296
15.51547478
-7.35475560
11.63991121
0.25502817
-6.73954761
41.63252963
44.39981982
31.68639372
-30.17110267
-51.22960798
40.96395083
12.85974840
-5.45223888
-45.95888240
-60.15531311
-70.65197517
30.63007647
-9.62219550
-26.17764833
64.31561868
81.55846184
41.61575634
-0.84522645
25.01402284
-55.57416348
20.57791160
-3.65012710
24.29618193
14.24101847
-0.95498005
30.19995929
-27.17636850
-6.01247741
22.95741987
32.04726412
-2.24699521
68.31069440
31.78250347
-33.44418396
30.68855808
3.77548919
-33.26941576
-14.82272443
-6.88237279
-17.16982658
5.50951526
74.70715586
28.00148162
-10.11911459
30.53055010
77.58948987
-11.07858157
-19.55879403
-20.14174575
68.85095450
-38.33753946
-16.98018312
39.21935271
16.16078199
10.74680579
-6.28410278
3.49760291
-5.89511480
41.79382812
10.23673713
1.20400024
56.09195919
11.69262534
-4.40283000
42.16628248
27.41589580
38.73616530
-5.71421996
30.57241365
22.50068938
-18.51314212
-43.31716415
-35.45520544
12.39158230
-70.65197517
-18.92520353
-33.42482728
-4.44817031
-31.18137249
-12.43909529
-33.99471010
-0.99577101
52.55948617
-4.58746541
-41.11598905
2.49576631
45.17610286
29.20260803
42.23085367
30.19995929
-17.59001462
67.50276002
19.84548484
-5.37462764
24.78752632
4.85204126
-20.19810754
30.63698484
13.52122280
4.35708826
60.35754736
-22.45765258
-33.85339107
4.03747027
0.15627816
54.29786779
11.76842859
-57.60454164
55.11914793
9.32362478
-1.46449525
25.25621870
49.41029296
-41.09796063
-13.48850416
-21.83684541
-86.97807831
47.39286691
-1.08093980
35.89539789
-8.59655398
4.52795507
-30.32248599
5.62909652
-11.87579466
23.32044834
43.18704485
7.77898944
34.06403975
-35.40176909
14.82656172
5.38157946
33.68267112
21.97585967
-3.92433491
-8.54409725
46.86704722
31.01246651
36.95043530
-30.65753709
-22.96539773
-26.87585747
14.17731230
5.96653148
-1.64780454
15.16399668
-44.11483249
-11.06241445
19.53017157
42.16628248
-19.65209941
29.79869457
-34.12378425
16.27239658
9.57006656
-40.43483013
10.99365893
26.42043055
37.22118930
11.98324348
-67.13700390
-32.93839285
-0.86978621
53.52783083
24.01532617
27.72798084
9.58884792
-31.18137249
38.17487963
6.23728548
0.10284181
-27.51863312
-22.35568343
54.50939102
-59.40643875
14.44290068
26.52146154
40.98739835
-2.63279304
54.28398671
3.80656212
-22.51722742
-27.32949292
-36.45510688
-1.62331334
47.26538055
7.04643922
12.57581950
52.60670602
-16.18133425
6.35580843
-4.58746541
29.37008200
37.83850027
-17.59001462
26.27395637
36.15426667
29.01521329
8.21145675
29.36215604
-9.27970833
34.34970669
65.17095214
-16.01798198
-25.73033884
-2.24699521
38.17487963
23.10753545
38.73616530
14.54124580
-29.84502987
-17.59001462
-5.35310422
-25.34777104
-19.25465244
-24.79724490
36.89730739
-1.53769383
36.45206252
1.15165713
-4.80257808
-2.51574114
2.47499416
-16.19334889
5.44416656
52.06060343
20.74266389
15.24674976
-8.58088976
18.08908680
-35.98395057
-4.13116582
42.16628248
-58.52109325
-15.90715041
-37.92708498
8.94691285
-35.96205778
-23.29159171
4.18370796
55.79341921
-65.12065871
-19.19820610
35.09345271
46.06937887
